# Camera parameter file. 

# The format of each camera is as follows:
# Filename (of the undistorted image in visualize folder)
# Original filename
# Focal Length (of the undistorted image)
# 2-vec Principal Point (image center)
# 3-vec Translation T (as in P = K[R T])
# 3-vec Camera Position C (as in P = K[R -RC])
# 3-vec Axis Angle format of R
# 4-vec Quaternion format of R
# 3x3 Matrix format of R
# [Normalized radial distortion] = [radial distortion] * [focal length]^2
# 3-vec Lat/Lng/Alt from EXIF

# The nubmer of cameras in this reconstruction
5

00000000.jpg
C:\Users\Sa User\IdeaProjects\JMonkeyTest3\assets\test_1\calibrateTest70.jpg
1176.90234375
640 360
0.400960335097 -0.276244760787 -1.10413339232
-0.464881248162 0.218628409375 1.09191494755
-0.0515844811595 0.0576928472635 -0.0021862094432
0.999250814979 -0.0257857992045 0.0288392195024 -0.00109283172873
0.998334265256 0.000696733941178 0.0576915065826
-0.00367131804111 0.998667948015 0.0514699876874
-0.057578947782 -0.0515959357927 0.997006551676
0.0201420051545
0 0 0

00000001.jpg
C:\Users\Sa User\IdeaProjects\JMonkeyTest3\assets\test_1\calibrateTest95.jpg
1039.25915527
640 360
0.451242603317 0.180276848819 -1.99996387907
-0.142760874725 -0.267777796919 2.03565420855
-0.0381430870835 -0.148692644446 -0.0348652205935
0.99690433311 -0.019051859762 -0.0742695892295 -0.0174146180634
0.988362036525 0.0375513672468 -0.147415877798
-0.0318914655808 0.998668725761 0.0405725140096
0.148742823487 -0.0353990121925 0.988242235208
-0.0145632517284
0 0 0

00000002.jpg
C:\Users\Sa User\IdeaProjects\JMonkeyTest3\assets\test_1\calibrateTest85.jpg
1129.00537109
640 360
0.403483551986 -0.0817431990704 -1.32707569833
-0.403482959849 0.0817431361209 1.32707395287
0 0 0
1.00000040472 0 0 0
1.00000082676 2.54425716606e-010 -1.9484685157e-007
2.54425716606e-010 1.00000115354 -2.35419710948e-008
-1.9484685157e-007 -2.35419710948e-008 1.00000125748
-0.00126285103018
0 0 0

00000003.jpg
C:\Users\Sa User\IdeaProjects\JMonkeyTest3\assets\test_1\calibrateTest90.jpg
1122.42016602
640 360
0.318325265511 -0.0110715528414 -1.41735737988
-0.369498789601 0.0332613844296 1.40453321611
0.0177568281875 0.0361333208746 -0.00833703616133
0.999789078072 0.00887778986755 0.0180653902012 -0.00416822499926
0.999313563613 0.00865545576784 0.0360489831453
-0.00801392754898 0.999808154643 -0.0179024509972
-0.0361973361117 0.0176012183908 0.999191084276
0.00760527395133
0 0 0

00000004.jpg
C:\Users\Sa User\IdeaProjects\JMonkeyTest3\assets\test_1\calibrateTest80.jpg
1218.46728516
640 360
0.267123772658 -0.201823484832 -1.03835179559
-0.401501702054 0.219109005931 0.990478910643
0.0125323871534 0.135084534043 0.0135976037042
0.997677422202 0.00626134158441 0.0674899681972 0.00679353745456
0.990798498203 -0.0127103591345 0.134751445471
0.0144006766067 0.999830097429 -0.0115766197786
-0.134581424511 0.0134105767473 0.990812359452
-0.00546558530174
0 0 0

