# Camera parameter file. 

# The format of each camera is as follows:
# Filename (of the undistorted image in visualize folder)
# Original filename
# Focal Length (of the undistorted image)
# 2-vec Principal Point (image center)
# 3-vec Translation T (as in P = K[R T])
# 3-vec Camera Position C (as in P = K[R -RC])
# 3-vec Axis Angle format of R
# 4-vec Quaternion format of R
# 3x3 Matrix format of R
# [Normalized radial distortion] = [radial distortion] * [focal length]^2
# 3-vec Lat/Lng/Alt from EXIF

# The nubmer of cameras in this reconstruction
8

00000000.jpg
C:\Users\Sa User\IdeaProjects\JMonkeyTest3\assets\calibrate\my_zoom_1_3\20150425_164345.jpg
3251.94140625
1632 1224
-0.0706524836392 -0.146144085669 -0.608579995467
0.43527984278 1.38777878078e-017 0.455248218955
-0.869560324336 -0.684776230062 -1.41516354085
0.622944006786 -0.378621298855 -0.298163173267 -0.616186183907
0.0628267234294 0.993481007017 0.095124539843
-0.541916954299 -0.0460789629114 0.839167725275
0.838080387167 -0.104271750578 0.535489181844
-0.0435139433952
0 0 0

00000001.jpg
C:\Users\Sa User\IdeaProjects\JMonkeyTest3\assets\calibrate\my_zoom_1_3\20150425_164359.jpg
3085.91674805
1632 1224
-0.00149277280697 -1.4997177323 -0.373313277427
0.023783484553 0.00837562267217 1.54527717729
-1.116948834 -0.894508617531 -1.11703113098
0.615581529456 -0.484887057513 -0.388321862446 -0.484922784075
0.228112027722 0.973603154812 -0.00782193571189
-0.220434881545 0.0594688554571 0.973587376632
0.948353128311 -0.220362689279 0.228181594453
-0.00270077559486
0 0 0

00000002.jpg
C:\Users\Sa User\IdeaProjects\JMonkeyTest3\assets\calibrate\my_zoom_1_3\20150425_164356.jpg
3084.51757813
1632 1224
0.00733929822682 -1.49878636395 -0.318397039211
-0.00876906856352 0 1.5322250777
-1.12143556242 -0.922187690328 -1.14000087574
0.603437788289 -0.484427258851 -0.39835802425 -0.492446929477
0.197613747837 0.98027283884 -0.0036589988015
-0.208371505055 0.0456524465919 0.976983839855
0.957878141603 -0.192303014817 0.213282462914
-0.0144764409804
0 0 0

00000003.jpg
C:\Users\Sa User\IdeaProjects\JMonkeyTest3\assets\calibrate\my_zoom_1_3\20150425_164349.jpg
3092.37744141
1632 1224
-0.159454017676 -1.52800449221 -0.402770202051
0.0738518819703 0.115624333057 1.58228436438
-1.12879789267 -0.896996067393 -1.15600685871
0.602629269629 -0.487446044064 -0.38734762656 -0.499195625584
0.201531239948 0.979281878142 0.0198079074792
-0.224037702849 0.0264002630681 0.974222851522
0.953515976624 -0.200774162549 0.224716643438
-0.0183240564615
0 0 0

00000004.jpg
C:\Users\Sa User\IdeaProjects\JMonkeyTest3\assets\calibrate\my_zoom_1_3\20150425_164342.jpg
3105.44848633
1632 1224
0.478554118646 -1.46397882148 -0.513647342931
0.117618789742 -0.431456414108 1.56079889673
-1.02425488307 -1.00928133631 -1.2437506272
0.581184083264 -0.438406466142 -0.431997417153 -0.532356082696
0.0599504179936 0.997574757232 -0.0353635479946
-0.240012770335 0.0487936674663 0.969542698305
0.968916543447 -0.0496367421817 0.242355669096
-0.0128377282288
0 0 0

00000005.jpg
C:\Users\Sa User\IdeaProjects\JMonkeyTest3\assets\calibrate\my_zoom_1_3\20150425_164337.jpg
3166.81274414
1632 1224
-0.00670898848663 -1.4532360568 -0.680622636126
0.341269465874 -0.029873486728 1.56774702214
-1.08455882193 -0.97440335861 -1.22000563835
0.581239547424 -0.464228732801 -0.417078379945 -0.522204660598
0.106695595366 0.99429171511 1.04083408559e-017
-0.219812287245 0.0235877260932 0.975256788687
0.969689795198 -0.104055605532 0.2210743245
-0.0358681659155
0 0 0

00000006.jpg
C:\Users\Sa User\IdeaProjects\JMonkeyTest3\assets\calibrate\my_zoom_1_3\20150425_164352.jpg
3102.51904297
1632 1224
-0.12302546757 -2.63180078218 0.293478071939
-0.120125580498 0.1799495213 2.64212515243
-1.3455345846 -1.0742016704 -1.00863436685
0.542226453156 -0.566577387881 -0.452324587892 -0.424715523061
0.230038623233 0.97313748856 -0.00925642545009
0.0519695218815 -0.00278604291436 0.998644971769
0.971793002422 -0.230208018108 -0.0512144743094
-0.0277367190797
0 0 0

00000007.jpg
C:\Users\Sa User\IdeaProjects\JMonkeyTest3\assets\calibrate\my_zoom_1_3\20150425_164340.jpg
3095.58691406
1632 1224
-0.205481781852 -2.78205649421 0.281549980824
0.125849015637 0 2.80098081885
-1.42202192349 -1.18679061455 -1.10784241428
0.472111075706 -0.580832904175 -0.484751344486 -0.45250450519
0.120511483754 0.990383910792 0.0679460312501
0.135854355964 -0.0842544246116 0.987139697149
0.983371946031 -0.109730891633 -0.144701587926
-0.0347832419227
0 0 0

